104 1.04926 74.967 25.033 22.1305 2.90247 4
103.75 1.04433 68.28 31.72 30.8719 0.848127 5
146.5 1.02069 55.5103 44.4897 25.4461 19.0436 1
103.5 1.0495 68.8049 31.1951 30.1723 1.02279 5
147.25 1.04514 63.0583 36.9417 25.075 11.8667 2
127.75 0.98062 59.2058 40.7942 27.1486 13.6456 2
137.25 1.00365 55.7478 44.2522 25.4626 18.7896 1
134 1.01504 53.5909 46.4091 24.7522 21.6569 1
146.5 1.01375 51.1503 48.8497 25.4284 23.4213 1
105.75 0.995283 72.7175 27.2825 26.4576 0.824913 3
146 0.96633 61.134 38.866 28.0411 10.8249 2
148 1.01361 51.6185 48.3815 24.0766 24.3049 1
143.25 1.02473 63.9722 36.0278 27.7507 8.27708 2
103.5 1.0495 71.2428 28.7572 28.3742 0.382963 4
104.75 1.0439 72.398 27.602 27.1666 0.435377 4
98 0.989848 46.6276 53.3724 27.9526 25.4198 6
100.5 1.0201 45.1024 54.8976 29.5121 25.3855 6
104.75 1.00478 70.4488 29.5512 25.1242 4.42698 3
101 0.961165 46.0601 53.9399 29.6656 24.2743 6
145.25 1.03147 54.3368 45.6632 24.3867 21.2765 1
147.75 1.04498 62.4613 37.5387 25.5185 12.0202 2
103 1.04975 68.7251 31.2749 30.3294 0.945509 5
105 1.03883 72.3505 27.6495 26.6809 0.968605 4
146 0.993174 59.2391 40.7609 25.8576 14.9033 2
105.5 1.03865 66.6757 33.3243 33.0794 0.244916 5
133.75 1.03422 53.7575 46.2425 24.6296 21.6129 2
98.75 1.02564 45.9846 54.0154 27.4487 26.5667 6
104 1.04926 72.5896 27.4104 26.6079 0.802516 4
105 1.00957 74.7636 25.2364 23.7035 1.53291 3
148 1.02048 62.9231 37.0769 24.5437 12.5332 2
144.75 0.982877 59.9947 40.0053 24.8748 15.1305 2
92 0.978495 45.7964 54.2036 29.2331 24.9705 6
104.5 1.04902 74.8671 25.1329 21.8848 3.24812 4
93.5 0.989362 46.431 53.569 32.2438 21.3252 6
152.75 0.977346 62.0813 37.9187 24.4111 13.5076 2
98.75 0.994949 45.8494 54.1506 26.7728 27.3778 6
93 1.03279 46.4886 53.5114 27.9006 25.6108 6
99.75 0.995 44.4698 55.5302 30.784 24.7462 6
105 1.01923 67.0968 32.9032 32.6537 0.249456 5
104 1.04926 69.7033 30.2967 26.7837 3.51303 5
104 1.04926 68.0821 31.9179 30.1163 1.80161 5
105 1.04878 68.5672 31.4328 29.9785 1.45434 5
146 0.979661 54.4191 45.5809 23.2901 22.2908 1
106 1 74.0232 25.9768 25.6408 0.335974 3
148.5 1.04124 57.2999 42.7001 24.6708 18.0293 1
148.75 1.00337 54.7714 45.2286 25.4763 19.7523 1
131.25 1.03488 66.9178 33.0822 24.6247 8.45745 2
147.25 1.0034 51.1795 48.8205 24.7423 24.0782 1
151.75 0.964401 56.4931 43.5069 29.1273 14.3796 2
103 1.04975 70.253 29.747 27.8418 1.90517 5
149.5 1.03401 61.6866 38.3134 25.7731 12.5403 2
130 1.04724 62.2151 37.7849 20.8987 16.8862 1
103.75 1.00483 75.5876 24.4124 21.5185 2.89391 3
128.5 1.02362 63.1193 36.8807 26.6914 10.1893 2
103.5 1.0495 71.0163 28.9837 28.4746 0.50906 4
147.75 0.996622 52.0499 47.9501 24.4366 23.5135 1
104.5 1 72.2419 27.7581 25.7 2.0581 3
103.75 1.04433 69.7161 30.2839 29.1081 1.17576 5
136 1.03745 57.7955 42.2045 26.1159 16.0886 1
103.5 1.03941 69.276 30.724 28.8213 1.90274 5
106.5 0.981395 77.4738 22.5262 16.9933 5.5329 3
92 0.978495 48.8745 51.1255 28.0456 23.0799 6
146.75 1.03819 57.7179 42.2821 24.4704 17.8117 1
141.5 0.992958 67.2922 32.7078 21.5938 11.114 2
139.25 1.0036 56.0403 43.9597 26.1095 17.8502 1
147 1.0137 55.3348 44.6652 25.8805 18.7847 1
95.5 0.969072 45.8023 54.1977 30.2204 23.9773 6
104 1.04926 68.2532 31.7468 30.8471 0.899651 5
100.5 1.0201 74.6442 25.3558 24.6057 0.750056 3
108.25 0.968182 72.7892 27.2108 26.8309 0.379855 3
104.25 1.04412 73.2394 26.7606 26.4752 0.285372 4
98.75 1.03608 46.1045 53.8955 27.4427 26.4528 6
96.5 0.979487 45.1202 54.8798 27.5204 27.3594 6
145 1.03509 62.6714 37.3286 28.4972 8.8314 2
143.5 1.02113 61.7229 38.2771 27.1394 11.1377 2
146.5 1.04895 55.8974 44.1026 24.5793 19.5233 1
146.25 1.02422 56.9076 43.0924 24.4985 18.5939 1
100.5 1.0201 45.3202 54.6798 29.8364 24.8434 6
103 1.00976 69.4804 30.5196 26.9282 3.59138 3
127 1 60.1556 39.8444 29.9647 9.87972 2
147.5 1 50.8371 49.1629 25.6639 23.499 1
97.25 1.04737 47.8842 52.1158 27.6408 24.475 6
141.75 1.04693 56.0575 43.9425 26.0687 17.8738 1
92.25 1.03867 47.1876 52.8124 30.5425 22.2699 6
99.25 0.975124 46.8271 53.1729 29.8279 23.345 6
103.75 1.04433 73.6779 26.3221 25.9224 0.399665 4
150.25 0.964052 57.6781 42.3219 26.7231 15.5988 2
102.5 1.0098 72.6799 27.3201 26.1589 1.16124 3
105.5 1.01914 73.7381 26.2619 26.2057 0.0561583 3
103.5 1.0495 74.4909 25.5091 23.7204 1.78872 4
104 1.04926 73.6881 26.3119 25.8517 0.460233 4
142.25 0.968858 66.2716 33.7284 24.2487 9.47973 2
154 1.03974 60.9324 39.0676 28.151 10.9166 2
91.75 1.01648 47.7398 52.2602 26.9083 25.3519 6
96.75 1.00518 47.4654 52.5346 28.1983 24.3363 6
104 1.03922 72.5652 27.4348 27.3007 0.13411 4
105 1.04878 72.0408 27.9592 27.1106 0.848554 4
146.75 0.983108 58.2347 41.7653 23.3247 18.4406 2
136.75 0.974729 56.1372 43.8628 23.1261 20.7367 1
146.75 0.956667 61.4495 38.5505 26.0859 12.4646 2
147 1.02759 55.2256 44.7744 25.0105 19.7639 1
103.75 1.04433 68.5682 31.4318 29.5334 1.89841 5
139.25 0.975177 53.8814 46.1186 26.254 19.8646 1
104.75 1.0439 68.3269 31.6731 28.9765 2.6966 4
95.5 1.03191 46.5946 53.4054 33.3983 20.0071 6
135 1 59.6502 40.3498 24.3772 15.9726 1
146.75 1.00341 63.6008 36.3992 26.7953 9.60391 2
106.25 0.985981 75.1539 24.8461 23.2914 1.55468 3
141.5 1.03597 53.4585 46.5415 25.5608 20.9807 1
103.5 1.0495 71.8079 28.1921 27.1857 1.00644 4
103.5 1.0495 70.8995 29.1005 28.1734 0.92705 4
99.75 1.01515 46.8265 53.1735 28.328 24.8455 6
103.5 1.0495 70.8341 29.1659 27.9026 1.26331 4
98.25 1.04688 46.8828 53.1172 28.0161 25.1011 6
101 0.961165 45.8493 54.1507 29.6239 24.5268 6
141 0.992933 64.9774 35.0226 26.4678 8.55476 2
105.75 0.995283 74.4881 25.5119 25.4761 0.0357686 3
148.25 1.04483 55.7335 44.2665 23.6895 20.577 1
144.5 1.02807 57.4756 42.5244 24.2512 18.2732 1
105.25 1.00476 75.5225 24.4775 21.819 2.65854 3
132.75 1.02672 54.3858 45.6142 24.4246 21.1896 1
99.75 0.985075 47.8466 52.1534 28.8382 23.3152 6
147.75 1.01706 54.3842 45.6158 24.8597 20.7561 1
105.5 1.02885 66.1597 33.8403 33.0181 0.82225 5
135 1.02247 57.0372 42.9628 25.0443 17.9185 1
141.5 0.951724 65.466 34.534 25.6609 8.87306 2
145.5 0.986348 64.1331 35.8669 24.4695 11.3974 2
104.5 1.04902 70.1622 29.8378 28.5184 1.31941 4
147.5 0.986532 59.4121 40.5879 25.202 15.3859 2
147.5 0.993243 51.9765 48.0235 24.4541 23.5694 1
104.5 1.04902 72.2444 27.7556 27.4922 0.263423 4
92 1.01093 49.0769 50.9231 27.4406 23.4825 6
99.5 0.95098 44.7595 55.2405 30.5184 24.7221 6
103.5 1.0495 71.3105 28.6895 28.2271 0.462358 4
96.75 1.01562 44.5246 55.4754 26.5171 28.9583 6
98.25 0.994924 46.8818 53.1182 25.303 27.8152 6
104 1.04926 74.1229 25.8771 25.3752 0.501862 4
145.5 1.02083 52.9006 47.0994 25.6578 21.4416 1
104.5 1.03902 69.7378 30.2622 28.8331 1.42906 4
103.25 1.04455 68.5022 31.4978 30.9934 0.504434 5
135 1.01493 56.2829 43.7171 26.0412 17.6759 1
92.5 1.01087 48.5741 51.4259 27.1184 24.3075 6
148.25 0.996633 52.4343 47.5657 24.9215 22.6442 1
105 1.04878 72.1497 27.8503 27.0108 0.839478 4
99.25 0.975124 46.8271 53.1729 27.9368 25.2361 6
104 1.04926 68.1769 31.8231 30.2898 1.53334 5
106.5 1.03828 71.3271 28.6729 27.6388 1.03411 4
103.25 1.04455 71.0666 28.9334 26.5403 2.39313 4
105.25 1.00476 73.4823 26.5177 25.9851 0.532611 3
134.5 1 58.8383 41.1617 25.3991 15.7626 1
97.5 1.02073 45.8457 54.1543 27.7584 26.3959 6
153.75 1.01639 61.6859 38.3141 26.9212 11.3929 2
104.75 0.995238 73.7594 26.2406 25.7804 0.460242 3
150.25 1.00333 60.2968 39.7032 23.3665 16.3367 2
146.75 1.03114 54.8013 45.1987 25.2259 19.9728 1
147 1.04167 56.5775 43.4225 25.191 18.2315 1
93.75 1.01613 48.3899 51.6101 30.9439 20.6662 6
146 1.03484 55.3385 44.6615 24.2354 20.4261 1
104 1.04926 68.8291 31.1709 29.3762 1.79468 5
96 1.01047 47.0011 52.9989 26.4872 26.5117 6
93.5 1.04372 48.262 51.738 27.7143 24.0237 6
103.75 1.04433 68.6913 31.3087 29.3034 2.0053 5
103 1.04975 69.1 30.9 30.3553 0.54467 5
100.5 0.980296 50.0854 49.9146 29.8611 20.0535 6
147 1.04167 55.8519 44.1481 24.2002 19.9479 1
105.25 1.00476 74.9312 25.0688 25.0056 0.0631912 3
107 0.97235 73.9642 26.0358 25.1556 0.880162 3
104.25 1.04412 69.3018 30.6982 27.925 2.77317 5
154 1.01307 60.3669 39.6331 25.7442 13.8889 2
106 1 75.7965 24.2035 20.6858 3.51771 3
